 9.00000000e+08  3.80679447e-01 -4.60098341e-01  9.00000000e+08  9.07316854e-02 -1.26383012e-02  9.00000000e+08  9.07316854e-02 -1.26383012e-02 
 9.01000000e+08  3.79105547e-01 -4.59394322e-01  9.01000000e+08  9.12524409e-02 -1.30261292e-02  9.01000000e+08  9.12524409e-02 -1.30261292e-02 
 9.02000000e+08  3.77509236e-01 -4.58668547e-01  9.02000000e+08  9.17846024e-02 -1.34244755e-02  9.02000000e+08  9.17846024e-02 -1.34244755e-02 
 9.03000000e+08  3.75889771e-01 -4.57920056e-01  9.03000000e+08  9.23285414e-02 -1.38338201e-02  9.03000000e+08  9.23285414e-02 -1.38338201e-02 
 9.04000000e+08  3.74246379e-01 -4.57147831e-01  9.04000000e+08  9.28846445e-02 -1.42546715e-02  9.04000000e+08  9.28846445e-02 -1.42546715e-02 
 9.05000000e+08  3.72578257e-01 -4.56350797e-01  9.05000000e+08  9.34533137e-02 -1.46875682e-02  9.05000000e+08  9.34533137e-02 -1.46875682e-02 
 9.06000000e+08  3.70884568e-01 -4.55527812e-01  9.06000000e+08  9.40349672e-02 -1.51330811e-02  9.06000000e+08  9.40349672e-02 -1.51330811e-02 
 9.07000000e+08  3.69164444e-01 -4.54677664e-01  9.07000000e+08  9.46300400e-02 -1.55918156e-02  9.07000000e+08  9.46300400e-02 -1.55918156e-02 
 9.08000000e+08  3.67416978e-01 -4.53799067e-01  9.08000000e+08  9.52389844e-02 -1.60644146e-02  9.08000000e+08  9.52389844e-02 -1.60644146e-02 
 9.09000000e+08  3.65641229e-01 -4.52890656e-01  9.09000000e+08  9.58622714e-02 -1.65515611e-02  9.09000000e+08  9.58622714e-02 -1.65515611e-02 
 9.10000000e+08  3.63836219e-01 -4.51950979e-01  9.10000000e+08  9.65003906e-02 -1.70539808e-02  9.10000000e+08  9.65003906e-02 -1.70539808e-02 
 9.11000000e+08  3.62000928e-01 -4.50978491e-01  9.11000000e+08  9.71538515e-02 -1.75724461e-02  9.11000000e+08  9.71538515e-02 -1.75724461e-02 
 9.12000000e+08  3.60134296e-01 -4.49971546e-01  9.12000000e+08  9.78231843e-02 -1.81077795e-02  9.12000000e+08  9.78231843e-02 -1.81077795e-02 
 9.13000000e+08  3.58235222e-01 -4.48928393e-01  9.13000000e+08  9.85089402e-02 -1.86608571e-02  9.13000000e+08  9.85089402e-02 -1.86608571e-02 
 9.14000000e+08  3.56302557e-01 -4.47847161e-01  9.14000000e+08  9.92116927e-02 -1.92326133e-02  9.14000000e+08  9.92116927e-02 -1.92326133e-02 
 9.15000000e+08  3.54335110e-01 -4.46725856e-01  9.15000000e+08  9.99320380e-02 -1.98240456e-02  9.15000000e+08  9.99320380e-02 -1.98240456e-02 
 9.16000000e+08  3.52331641e-01 -4.45562347e-01  9.16000000e+08  1.00670596e-01 -2.04362192e-02  9.16000000e+08  1.00670596e-01 -2.04362192e-02 
 9.17000000e+08  3.50290862e-01 -4.44354354e-01  9.17000000e+08  1.01428011e-01 -2.10702733e-02  9.17000000e+08  1.01428011e-01 -2.10702733e-02 
 9.18000000e+08  3.48211436e-01 -4.43099439e-01  9.18000000e+08  1.02204951e-01 -2.17274265e-02  9.18000000e+08  1.02204951e-01 -2.17274265e-02 
 9.19000000e+08  3.46091972e-01 -4.41794992e-01  9.19000000e+08  1.03002112e-01 -2.24089841e-02  9.19000000e+08  1.03002112e-01 -2.24089841e-02 
 9.20000000e+08  3.43931030e-01 -4.40438213e-01  9.20000000e+08  1.03820214e-01 -2.31163455e-02  9.20000000e+08  1.03820214e-01 -2.31163455e-02 
 9.21000000e+08  3.41727116e-01 -4.39026097e-01  9.21000000e+08  1.04660004e-01 -2.38510121e-02  9.21000000e+08  1.04660004e-01 -2.38510121e-02 
 9.22000000e+08  3.39478682e-01 -4.37555420e-01  9.22000000e+08  1.05522255e-01 -2.46145964e-02  9.22000000e+08  1.05522255e-01 -2.46145964e-02 
 9.23000000e+08  3.37184127e-01 -4.36022713e-01  9.23000000e+08  1.06407769e-01 -2.54088318e-02  9.23000000e+08  1.06407769e-01 -2.54088318e-02 
 9.24000000e+08  3.34841797e-01 -4.34424244e-01  9.24000000e+08  1.07317373e-01 -2.62355839e-02  9.24000000e+08  1.07317373e-01 -2.62355839e-02 
 9.25000000e+08  3.32449986e-01 -4.32755993e-01  9.25000000e+08  1.08251919e-01 -2.70968618e-02  9.25000000e+08  1.08251919e-01 -2.70968618e-02 
 9.26000000e+08  3.30006935e-01 -4.31013626e-01  9.26000000e+08  1.09212287e-01 -2.79948324e-02  9.26000000e+08  1.09212287e-01 -2.79948324e-02 
 9.27000000e+08  3.27510841e-01 -4.29192464e-01  9.27000000e+08  1.10199378e-01 -2.89318342e-02  9.27000000e+08  1.10199378e-01 -2.89318342e-02 
 9.28000000e+08  3.24959853e-01 -4.27287451e-01  9.28000000e+08  1.11214118e-01 -2.99103941e-02  9.28000000e+08  1.11214118e-01 -2.99103941e-02 
 9.29000000e+08  3.22352083e-01 -4.25293120e-01  9.29000000e+08  1.12257451e-01 -3.09332457e-02  9.29000000e+08  1.12257451e-01 -3.09332457e-02 
 9.30000000e+08  3.19685609e-01 -4.23203548e-01  9.30000000e+08  1.13330338e-01 -3.20033486e-02  9.30000000e+08  1.13330338e-01 -3.20033486e-02 
 9.31000000e+08  3.16958486e-01 -4.21012317e-01  9.31000000e+08  1.14433751e-01 -3.31239117e-02  9.31000000e+08  1.14433751e-01 -3.31239117e-02 
 9.32000000e+08  3.14168756e-01 -4.18712461e-01  9.32000000e+08  1.15568670e-01 -3.42984169e-02  9.32000000e+08  1.15568670e-01 -3.42984169e-02 
 9.33000000e+08  3.11314462e-01 -4.16296410e-01  9.33000000e+08  1.16736071e-01 -3.55306476e-02  9.33000000e+08  1.16736071e-01 -3.55306476e-02 
 9.34000000e+08  3.08393668e-01 -4.13755934e-01  9.34000000e+08  1.17936925e-01 -3.68247189e-02  9.34000000e+08  1.17936925e-01 -3.68247189e-02 
 9.35000000e+08  3.05404479e-01 -4.11082066e-01  9.35000000e+08  1.19172178e-01 -3.81851116e-02  9.35000000e+08  1.19172178e-01 -3.81851116e-02 
 9.36000000e+08  3.02345071e-01 -4.08265036e-01  9.36000000e+08  1.20442741e-01 -3.96167108e-02  9.36000000e+08  1.20442741e-01 -3.96167108e-02 
 9.37000000e+08  2.99213724e-01 -4.05294177e-01  9.37000000e+08  1.21749476e-01 -4.11248479e-02  9.37000000e+08  1.21749476e-01 -4.11248479e-02 
 9.38000000e+08  2.96008867e-01 -4.02157837e-01  9.38000000e+08  1.23093167e-01 -4.27153480e-02  9.38000000e+08  1.23093167e-01 -4.27153480e-02 
 9.39000000e+08  2.92729127e-01 -3.98843269e-01  9.39000000e+08  1.24474500e-01 -4.43945828e-02  9.39000000e+08  1.24474500e-01 -4.43945828e-02 
 9.40000000e+08  2.89373400e-01 -3.95336516e-01  9.40000000e+08  1.25894029e-01 -4.61695294e-02  9.40000000e+08  1.25894029e-01 -4.61695294e-02 
 9.41000000e+08  2.85940923e-01 -3.91622280e-01  9.41000000e+08  1.27352133e-01 -4.80478355e-02  9.41000000e+08  1.27352133e-01 -4.80478355e-02 
 9.42000000e+08  2.82431378e-01 -3.87683774e-01  9.42000000e+08  1.28848972e-01 -5.00378925e-02  9.42000000e+08  1.28848972e-01 -5.00378925e-02 
 9.43000000e+08  2.78845010e-01 -3.83502562e-01  9.43000000e+08  1.30384423e-01 -5.21489165e-02  9.43000000e+08  1.30384423e-01 -5.21489165e-02 
 9.44000000e+08  2.75182771e-01 -3.79058381e-01  9.44000000e+08  1.31958011e-01 -5.43910378e-02  9.44000000e+08  1.31958011e-01 -5.43910378e-02 
 9.45000000e+08  2.71446503e-01 -3.74328939e-01  9.45000000e+08  1.33568813e-01 -5.67754000e-02  9.45000000e+08  1.33568813e-01 -5.67754000e-02 
 9.46000000e+08  2.67639157e-01 -3.69289699e-01  9.46000000e+08  1.35215355e-01 -5.93142692e-02  9.46000000e+08  1.35215355e-01 -5.93142692e-02 
 9.47000000e+08  2.63765061e-01 -3.63913641e-01  9.47000000e+08  1.36895472e-01 -6.20211532e-02  9.47000000e+08  1.36895472e-01 -6.20211532e-02 
 9.48000000e+08  2.59830248e-01 -3.58171004e-01  9.48000000e+08  1.38606147e-01 -6.49109310e-02  9.48000000e+08  1.38606147e-01 -6.49109310e-02 
 9.49000000e+08  2.55842866e-01 -3.52029001e-01  9.49000000e+08  1.40343307e-01 -6.79999923e-02  9.49000000e+08  1.40343307e-01 -6.79999923e-02 
 9.50000000e+08  2.51813662e-01 -3.45451535e-01  9.50000000e+08  1.42101578e-01 -7.13063848e-02  9.50000000e+08  1.42101578e-01 -7.13063848e-02 
 9.51000000e+08  2.47756592e-01 -3.38398879e-01  9.51000000e+08  1.43873981e-01 -7.48499674e-02  9.51000000e+08  1.43873981e-01 -7.48499674e-02 
 9.52000000e+08  2.43689558e-01 -3.30827380e-01  9.52000000e+08  1.45651565e-01 -7.86525653e-02  9.52000000e+08  1.45651565e-01 -7.86525653e-02 
 9.53000000e+08  2.39635308e-01 -3.22689149e-01  9.53000000e+08  1.47422957e-01 -8.27381189e-02  9.53000000e+08  1.47422957e-01 -8.27381189e-02 
 9.54000000e+08  2.35622536e-01 -3.13931802e-01  9.54000000e+08  1.49173808e-01 -8.71328172e-02  9.54000000e+08  1.49173808e-01 -8.71328172e-02 
 9.55000000e+08  2.31687216e-01 -3.04498255e-01  9.55000000e+08  1.50886133e-01 -9.18651997e-02  9.55000000e+08  1.50886133e-01 -9.18651997e-02 
 9.56000000e+08  2.27874227e-01 -2.94326624e-01  9.56000000e+08  1.52537489e-01 -9.69662040e-02  9.56000000e+08  1.52537489e-01 -9.69662040e-02 
 9.57000000e+08  2.24239310e-01 -2.83350307e-01  9.57000000e+08  1.54100009e-01 -1.02469128e-01  9.57000000e+08  1.54100009e-01 -1.02469128e-01 
 9.58000000e+08  2.20851411e-01 -2.71498321e-01  9.58000000e+08  1.55539217e-01 -1.08409459e-01  9.58000000e+08  1.55539217e-01 -1.08409459e-01 
 9.59000000e+08  2.17795475e-01 -2.58696031e-01  9.59000000e+08  1.56812642e-01 -1.14824510e-01  9.59000000e+08  1.56812642e-01 -1.14824510e-01 
 9.60000000e+08  2.15175725e-01 -2.44866437e-01  9.60000000e+08  1.57868171e-01 -1.21752777e-01  9.60000000e+08  1.57868171e-01 -1.21752777e-01 
 9.61000000e+08  2.13119449e-01 -2.29932257e-01  9.61000000e+08  1.58642161e-01 -1.29232898e-01  9.61000000e+08  1.58642161e-01 -1.29232898e-01 
 9.62000000e+08  2.11781278e-01 -2.13819096e-01  9.62000000e+08  1.59057296e-01 -1.37302063e-01  9.62000000e+08  1.59057296e-01 -1.37302063e-01 
 9.63000000e+08  2.11347835e-01 -1.96460104e-01  9.63000000e+08  1.59020263e-01 -1.45993694e-01  9.63000000e+08  1.59020263e-01 -1.45993694e-01 
 9.64000000e+08  2.12042548e-01 -1.77802589e-01  9.64000000e+08  1.58419349e-01 -1.55334131e-01  9.64000000e+08  1.58419349e-01 -1.55334131e-01 
 9.65000000e+08  2.14130145e-01 -1.57817144e-01  9.65000000e+08  1.57122189e-01 -1.65338071e-01  9.65000000e+08  1.57122189e-01 -1.65338071e-01 
 9.66000000e+08  2.17920131e-01 -1.36509885e-01  9.66000000e+08  1.54974031e-01 -1.76002452e-01  9.66000000e+08  1.54974031e-01 -1.76002452e-01 
 9.67000000e+08  2.23768045e-01 -1.13938323e-01  9.67000000e+08  1.51797105e-01 -1.87298512e-01  9.67000000e+08  1.51797105e-01 -1.87298512e-01 
 9.68000000e+08  2.32072829e-01 -9.02311556e-02  9.68000000e+08  1.47391940e-01 -1.99161894e-01  9.68000000e+08  1.47391940e-01 -1.99161894e-01 
 9.69000000e+08  2.43267980e-01 -6.56116967e-02  9.69000000e+08  1.41541786e-01 -2.11480935e-01  9.69000000e+08  1.41541786e-01 -2.11480935e-01 
 9.70000000e+08  2.57803635e-01 -4.04236347e-02  9.70000000e+08  1.34021576e-01 -2.24083784e-01  9.70000000e+08  1.34021576e-01 -2.24083784e-01 
 9.71000000e+08  2.76116527e-01 -1.51562226e-02  9.71000000e+08  1.24612943e-01 -2.36725807e-01  9.71000000e+08  1.24612943e-01 -2.36725807e-01 
 9.72000000e+08  2.98585301e-01  9.53620187e-03  9.72000000e+08  1.13126563e-01 -2.49079826e-01  9.72000000e+08  1.13126563e-01 -2.49079826e-01 
 9.73000000e+08  3.25470642e-01  3.28279001e-02  9.73000000e+08  9.94320952e-02 -2.60732965e-01  9.73000000e+08  9.94320952e-02 -2.60732965e-01 
 9.74000000e+08  3.56843486e-01  5.37380334e-02  9.74000000e+08  8.34940697e-02 -2.71194793e-01  9.74000000e+08  8.34940697e-02 -2.71194793e-01 
 9.75000000e+08  3.92510408e-01  7.11788559e-02  9.75000000e+08  6.54092001e-02 -2.79921429e-01  9.75000000e+08  6.54092001e-02 -2.79921429e-01 
 9.76000000e+08  4.31951833e-01  8.40411764e-02  9.76000000e+08  4.54372731e-02 -2.86358267e-01  9.76000000e+08  4.54372731e-02 -2.86358267e-01 
 9.77000000e+08  4.74293547e-01  9.13137256e-02  9.77000000e+08  2.40153962e-02 -2.89999662e-01  9.77000000e+08  2.40153962e-02 -2.89999662e-01 
 9.78000000e+08  5.18331062e-01  9.22205205e-02  9.78000000e+08  1.74581311e-03 -2.90457611e-01  9.78000000e+08  1.74581311e-03 -2.90457611e-01 
 9.79000000e+08  5.62616945e-01  8.63482219e-02  9.79000000e+08 -2.06477599e-02 -2.87525432e-01  9.79000000e+08 -2.06477599e-02 -2.87525432e-01 
 9.80000000e+08  6.05603843e-01  7.37303347e-02  9.80000000e+08 -4.23916456e-02 -2.81219865e-01  9.80000000e+08 -4.23916456e-02 -2.81219865e-01 
 9.81000000e+08  6.45816672e-01  5.48621207e-02  9.81000000e+08 -6.27483025e-02 -2.71788527e-01  9.81000000e+08 -6.27483025e-02 -2.71788527e-01 
 9.82000000e+08  6.82015472e-01  3.06387795e-02  9.82000000e+08 -8.10977497e-02 -2.59679004e-01  9.82000000e+08 -8.10977497e-02 -2.59679004e-01 
 9.83000000e+08  7.13312423e-01  2.23234083e-03  9.83000000e+08 -9.69960778e-02 -2.45477295e-01  9.83000000e+08 -9.69960778e-02 -2.45477295e-01 
 9.84000000e+08  7.39222005e-01 -2.90606571e-02  9.84000000e+08 -1.10200525e-01 -2.29831654e-01  9.84000000e+08 -1.10200525e-01 -2.29831654e-01 
 9.85000000e+08  7.59644341e-01 -6.19650791e-02  9.85000000e+08 -1.20661154e-01 -2.13379630e-01  9.85000000e+08 -1.20661154e-01 -2.13379630e-01 
 9.86000000e+08  7.74798957e-01 -9.53399377e-02  9.86000000e+08 -1.28487726e-01 -1.96691699e-01  9.86000000e+08 -1.28487726e-01 -1.96691699e-01 
 9.87000000e+08  7.85133623e-01 -1.28246129e-01  9.87000000e+08 -1.33904126e-01 -1.80237393e-01  9.87000000e+08 -1.33904126e-01 -1.80237393e-01 
 9.88000000e+08  7.91231023e-01 -1.59971053e-01  9.88000000e+08 -1.37201694e-01 -1.64372992e-01  9.88000000e+08 -1.37201694e-01 -1.64372992e-01 
 9.89000000e+08  7.93728611e-01 -1.90020387e-01  9.89000000e+08 -1.38699157e-01 -1.49345634e-01  9.89000000e+08 -1.38699157e-01 -1.49345634e-01 
 9.90000000e+08  7.93258666e-01 -2.18089795e-01  9.90000000e+08 -1.38712652e-01 -1.35307464e-01  9.90000000e+08 -1.38712652e-01 -1.35307464e-01 
 9.91000000e+08  7.90409147e-01 -2.44027870e-01  9.91000000e+08 -1.37536158e-01 -1.22334160e-01  9.91000000e+08 -1.37536158e-01 -1.22334160e-01 
 9.92000000e+08  7.85702183e-01 -2.67798348e-01  9.92000000e+08 -1.35430737e-01 -1.10443827e-01  9.92000000e+08 -1.35430737e-01 -1.10443827e-01 
 9.93000000e+08  7.79585709e-01 -2.89446259e-01  9.93000000e+08 -1.32620354e-01 -9.96139204e-02  9.93000000e+08 -1.32620354e-01 -9.96139204e-02 
 9.94000000e+08  7.72433828e-01 -3.09070078e-01  9.94000000e+08 -1.29292059e-01 -8.97951720e-02  9.94000000e+08 -1.29292059e-01 -8.97951720e-02 
 9.95000000e+08  7.64552300e-01 -3.26800198e-01  9.95000000e+08 -1.25598728e-01 -8.09223521e-02  9.95000000e+08 -1.25598728e-01 -8.09223521e-02 
 9.96000000e+08  7.56186559e-01 -3.42783132e-01  9.96000000e+08 -1.21663075e-01 -7.29221674e-02  9.96000000e+08 -1.21663075e-01 -7.29221674e-02 
 9.97000000e+08  7.47530525e-01 -3.57170468e-01  9.97000000e+08 -1.17582057e-01 -6.57187859e-02  9.97000000e+08 -1.17582057e-01 -6.57187859e-02 
 9.98000000e+08  7.38735186e-01 -3.70111509e-01  9.98000000e+08 -1.13431161e-01 -5.92375147e-02  9.98000000e+08 -1.13431161e-01 -5.92375147e-02 
 9.99000000e+08  7.29916396e-01 -3.81748667e-01  9.99000000e+08 -1.09268310e-01 -5.34071023e-02  9.99000000e+08 -1.09268310e-01 -5.34071023e-02 
 1.00000000e+09  7.21161674e-01 -3.92214832e-01  1.00000000e+09 -1.05137258e-01 -4.81610564e-02  1.00000000e+09 -1.05137258e-01 -4.81610564e-02 
 1.00100000e+09  7.12535943e-01 -4.01632088e-01  1.00100000e+09 -1.01070458e-01 -4.34382814e-02  1.00100000e+09 -1.01070458e-01 -4.34382814e-02 
 1.00200000e+09  7.04086278e-01 -4.10111356e-01  1.00200000e+09 -9.70914393e-02 -3.91832619e-02  1.00200000e+09 -9.70914393e-02 -3.91832619e-02 
 1.00300000e+09  6.95845781e-01 -4.17752592e-01  1.00300000e+09 -9.32167444e-02 -3.53459573e-02  1.00300000e+09 -9.32167444e-02 -3.53459573e-02 
 1.00400000e+09  6.87836698e-01 -4.24645357e-01  1.00400000e+09 -8.94574849e-02 -3.18815218e-02  1.00400000e+09 -8.94574849e-02 -3.18815218e-02 
 1.00500000e+09  6.80072909e-01 -4.30869557e-01  1.00500000e+09 -8.58205874e-02 -2.87499292e-02  1.00500000e+09 -8.58205874e-02 -2.87499292e-02 
 1.00600000e+09  6.72561897e-01 -4.36496285e-01  1.00600000e+09 -8.23097796e-02 -2.59155554e-02  1.00600000e+09 -8.23097796e-02 -2.59155554e-02 
 1.00700000e+09  6.65306308e-01 -4.41588667e-01  1.00700000e+09 -7.89263671e-02 -2.33467518e-02  1.00700000e+09 -7.89263671e-02 -2.33467518e-02 
 1.00800000e+09  6.58305167e-01 -4.46202690e-01  1.00800000e+09 -7.56698428e-02 -2.10154311e-02  1.00800000e+09 -7.56698428e-02 -2.10154311e-02 
 1.00900000e+09  6.51554832e-01 -4.50387982e-01  1.00900000e+09 -7.25383625e-02 -1.88966776e-02  1.00900000e+09 -7.25383625e-02 -1.88966776e-02 
 1.01000000e+09  6.45049732e-01 -4.54188526e-01  1.01000000e+09 -6.95291143e-02 -1.69683878e-02  1.01000000e+09 -6.95291143e-02 -1.69683878e-02 
 1.01100000e+09  6.38782942e-01 -4.57643312e-01  1.01100000e+09 -6.66386050e-02 -1.52109445e-02  1.01100000e+09 -6.66386050e-02 -1.52109445e-02 
 1.01200000e+09  6.32746624e-01 -4.60786916e-01  1.01200000e+09 -6.38628795e-02 -1.36069238e-02  1.01200000e+09 -6.38628795e-02 -1.36069238e-02 
 1.01300000e+09  6.26932367e-01 -4.63650028e-01  1.01300000e+09 -6.11976900e-02 -1.21408336e-02  1.01300000e+09 -6.11976900e-02 -1.21408336e-02 
 1.01400000e+09  6.21331442e-01 -4.66259901e-01  1.01400000e+09 -5.86386234e-02 -1.07988821e-02  1.01400000e+09 -5.86386234e-02 -1.07988821e-02 
 1.01500000e+09  6.15935001e-01 -4.68640766e-01  1.01500000e+09 -5.61811976e-02 -9.56877278e-03  1.01500000e+09 -5.61811976e-02 -9.56877278e-03 
 1.01600000e+09  6.10734220e-01 -4.70814185e-01  1.01600000e+09 -5.38209330e-02 -8.43952417e-03  1.01600000e+09 -5.38209330e-02 -8.43952417e-03 
 1.01700000e+09  6.05720408e-01 -4.72799362e-01  1.01700000e+09 -5.15534047e-02 -7.40131050e-03  1.01700000e+09 -5.15534047e-02 -7.40131050e-03 
 1.01800000e+09  6.00885089e-01 -4.74613420e-01  1.01800000e+09 -4.93742793e-02 -6.44532196e-03  1.01800000e+09 -4.93742793e-02 -6.44532196e-03 
 1.01900000e+09  5.96220052e-01 -4.76271638e-01  1.01900000e+09 -4.72793403e-02 -5.56364141e-03  1.01900000e+09 -4.72793403e-02 -5.56364141e-03 
 1.02000000e+09  5.91717396e-01 -4.77787662e-01  1.02000000e+09 -4.52645038e-02 -4.74913571e-03  1.02000000e+09 -4.52645038e-02 -4.74913571e-03 
 1.02100000e+09  5.87369555e-01 -4.79173685e-01  1.02100000e+09 -4.33258271e-02 -3.99535974e-03  1.02100000e+09 -4.33258271e-02 -3.99535974e-03 
 1.02200000e+09  5.83169312e-01 -4.80440610e-01  1.02200000e+09 -4.14595114e-02 -3.29647130e-03  1.02200000e+09 -4.14595114e-02 -3.29647130e-03 
 1.02300000e+09  5.79109812e-01 -4.81598184e-01  1.02300000e+09 -3.96618994e-02 -2.64715543e-03  1.02300000e+09 -3.96618994e-02 -2.64715543e-03 
 1.02400000e+09  5.75184565e-01 -4.82655124e-01  1.02400000e+09 -3.79294689e-02 -2.04255677e-03  1.02400000e+09 -3.79294689e-02 -2.04255677e-03 
 1.02500000e+09  5.71387451e-01 -4.83619214e-01  1.02500000e+09 -3.62588228e-02 -1.47821861e-03  1.02500000e+09 -3.62588228e-02 -1.47821861e-03 
 1.02600000e+09  5.67712721e-01 -4.84497402e-01  1.02600000e+09 -3.46466751e-02 -9.50027776e-04  1.02600000e+09 -3.46466751e-02 -9.50027776e-04 
 1.02700000e+09  5.64155000e-01 -4.85295872e-01  1.02700000e+09 -3.30898329e-02 -4.54164145e-04  1.02700000e+09 -3.30898329e-02 -4.54164145e-04 
 1.02800000e+09  5.60709291e-01 -4.86020117e-01  1.02800000e+09 -3.15851744e-02  1.29458347e-05  1.02800000e+09 -3.15851744e-02  1.29458347e-05 
 1.02900000e+09  5.57370983e-01 -4.86674988e-01  1.02900000e+09 -3.01296210e-02  4.54672404e-04  1.02900000e+09 -3.01296210e-02  4.54672404e-04 
 1.03000000e+09  5.54135869e-01 -4.87264745e-01  1.03000000e+09 -2.87201022e-02  8.74222943e-04  1.03000000e+09 -2.87201022e-02  8.74222943e-04 
 1.03100000e+09  5.51000168e-01 -4.87793099e-01  1.03100000e+09 -2.73535123e-02  1.27467977e-03  1.03100000e+09 -2.73535123e-02  1.27467977e-03 
 1.03200000e+09  5.47960562e-01 -4.88263242e-01  1.03200000e+09 -2.60266532e-02  1.65903492e-03  1.03200000e+09 -2.60266532e-02  1.65903492e-03 
 1.03300000e+09  5.45014249e-01 -4.88677881e-01  1.03300000e+09 -2.47361620e-02  2.03022072e-03  1.03300000e+09 -2.47361620e-02  2.03022072e-03 
 1.03400000e+09  5.42159021e-01 -4.89039269e-01  1.03400000e+09 -2.34784138e-02  2.39113345e-03  1.03400000e+09 -2.34784138e-02  2.39113345e-03 
 1.03500000e+09  5.39393374e-01 -4.89349236e-01  1.03500000e+09 -2.22493944e-02  2.74464486e-03  1.03500000e+09 -2.22493944e-02  2.74464486e-03 
 1.03600000e+09  5.36716663e-01 -4.89609252e-01  1.03600000e+09 -2.10445280e-02  3.09359188e-03  1.03600000e+09 -2.10445280e-02  3.09359188e-03 
 1.03700000e+09  5.34129312e-01 -4.89820507e-01  1.03700000e+09 -1.98584471e-02  3.44072696e-03  1.03700000e+09 -1.98584471e-02  3.44072696e-03 
 1.03800000e+09  5.31633112e-01 -4.89984069e-01  1.03800000e+09 -1.86846821e-02  3.78859793e-03  1.03800000e+09 -1.86846821e-02  3.78859793e-03 
 1.03900000e+09  5.29231611e-01 -4.90101160e-01  1.03900000e+09 -1.75152535e-02  4.13930267e-03  1.03900000e+09 -1.75152535e-02  4.13930267e-03 
 1.04000000e+09  5.26930624e-01 -4.90173649e-01  1.04000000e+09 -1.63401472e-02  4.49402367e-03  1.04000000e+09 -1.63401472e-02  4.49402367e-03 
 1.04100000e+09  5.24738846e-01 -4.90204920e-01  1.04100000e+09 -1.51466914e-02  4.85218244e-03  1.04100000e+09 -1.51466914e-02  4.85218244e-03 
 1.04200000e+09  5.22668462e-01 -4.90201381e-01  1.04200000e+09 -1.39189315e-02  5.20995516e-03  1.04200000e+09 -1.39189315e-02  5.20995516e-03 
 1.04300000e+09  5.20735447e-01 -4.90174985e-01  1.04300000e+09 -1.26373135e-02  5.55777167e-03  1.04300000e+09 -1.26373135e-02  5.55777167e-03 
 1.04400000e+09  5.18958798e-01 -4.90147198e-01  1.04400000e+09 -1.12794506e-02  5.87636442e-03  1.04400000e+09 -1.12794506e-02  5.87636442e-03 
 1.04500000e+09  5.17357025e-01 -4.90154537e-01  1.04500000e+09 -9.82361238e-03  6.13124552e-03  1.04500000e+09 -9.82361238e-03  6.13124552e-03 
 1.04600000e+09  5.15939114e-01 -4.90254361e-01  1.04600000e+09 -8.25775430e-03  6.26693341e-03  1.04600000e+09 -8.25775430e-03  6.26693341e-03 
 1.04700000e+09  5.14686971e-01 -4.90525791e-01  1.04700000e+09 -6.59706821e-03  6.20604197e-03  1.04700000e+09 -6.59706821e-03  6.20604197e-03 
 1.04800000e+09  5.13531327e-01 -4.91054798e-01  1.04800000e+09 -4.90806159e-03  5.86420871e-03  1.04800000e+09 -4.90806159e-03  5.86420871e-03 
 1.04900000e+09  5.12338253e-01 -4.91892488e-01  1.04900000e+09 -3.32204165e-03  5.19181713e-03  1.04900000e+09 -3.32204165e-03  5.19181713e-03 
 1.05000000e+09  5.10938660e-01 -4.92999113e-01  1.05000000e+09 -2.00560212e-03  4.22999687e-03  1.05000000e+09 -2.00560212e-03  4.22999687e-03 
 1.05100000e+09  5.09209271e-01 -4.94227032e-01  1.05100000e+09 -1.07964397e-03  3.12767269e-03  1.05100000e+09 -1.07964397e-03  3.12767269e-03 
 1.05200000e+09  5.07144125e-01 -4.95384160e-01  1.05200000e+09 -5.47868459e-04  2.07812169e-03  1.05200000e+09 -5.47868459e-04  2.07812169e-03 
 1.05300000e+09  5.04844130e-01 -4.96329618e-01  1.05300000e+09 -3.07215454e-04  1.22332890e-03  1.05300000e+09 -3.07215454e-04  1.22332890e-03 
 1.05400000e+09  5.02444111e-01 -4.97016037e-01  1.05400000e+09 -2.20807677e-04  6.11696685e-04  1.05400000e+09 -2.20807677e-04  6.11696685e-04 
 1.05500000e+09  5.00051792e-01 -4.97466643e-01  1.05500000e+09 -1.78967138e-04  2.20957438e-04  1.05500000e+09 -1.78967138e-04  2.20957438e-04 
 1.05600000e+09  4.97729827e-01 -4.97733455e-01  1.05600000e+09 -1.17174018e-04 -1.21930080e-08  1.05600000e+09 -1.17174018e-04 -1.21930080e-08 
 1.05700000e+09  4.95504721e-01 -4.97869106e-01  1.05700000e+09 -7.14575478e-06 -1.03010275e-04  1.05700000e+09 -7.14575478e-06 -1.03010275e-04 
 1.05800000e+09  4.93381475e-01 -4.97915736e-01  1.05800000e+09  1.57817448e-04 -1.29400155e-04  1.05800000e+09  1.57817448e-04 -1.29400155e-04 
 1.05900000e+09  4.91354724e-01 -4.97903614e-01  1.05900000e+09  3.73972635e-04 -1.08723454e-04  1.05900000e+09  3.73972635e-04 -1.08723454e-04 
 1.06000000e+09  4.89415229e-01 -4.97853297e-01  1.06000000e+09  6.33627976e-04 -6.08584891e-05  1.06000000e+09  6.33627976e-04 -6.08584891e-05 
 1.06100000e+09  4.87553096e-01 -4.97778343e-01  1.06100000e+09  9.28370798e-04  1.27312723e-06  1.06100000e+09  9.28370798e-04  1.27312723e-06 
 1.06200000e+09  4.85759160e-01 -4.97687554e-01  1.06200000e+09  1.25045098e-03  6.94629660e-05  1.06200000e+09  1.25045098e-03  6.94629660e-05 
 1.06300000e+09  4.84025441e-01 -4.97586597e-01  1.06300000e+09  1.59324316e-03  1.38598946e-04  1.06300000e+09  1.59324316e-03  1.38598946e-04 
 1.06400000e+09  4.82345192e-01 -4.97479104e-01  1.06400000e+09  1.95129308e-03  2.05571084e-04  1.06400000e+09  1.95129308e-03  2.05571084e-04 
 1.06500000e+09  4.80712770e-01 -4.97367388e-01  1.06500000e+09  2.32019990e-03  2.68552875e-04  1.06500000e+09  2.32019990e-03  2.68552875e-04 
 1.06600000e+09  4.79123475e-01 -4.97252917e-01  1.06600000e+09  2.69645087e-03  3.26535900e-04  1.06600000e+09  2.69645087e-03  3.26535900e-04 
 1.06700000e+09  4.77573383e-01 -4.97136609e-01  1.06700000e+09  3.07725802e-03  3.79030050e-04  1.06700000e+09  3.07725802e-03  3.79030050e-04 
 1.06800000e+09  4.76059197e-01 -4.97019033e-01  1.06800000e+09  3.46041515e-03  4.25870683e-04  1.06800000e+09  3.46041515e-03  4.25870683e-04 
 1.06900000e+09  4.74578128e-01 -4.96900530e-01  1.06900000e+09  3.84417916e-03  4.67094475e-04  1.06900000e+09  3.84417916e-03  4.67094475e-04 
 1.07000000e+09  4.73127798e-01 -4.96781298e-01  1.07000000e+09  4.22717446e-03  5.02859443e-04  1.07000000e+09  4.22717446e-03  5.02859443e-04 
 1.07100000e+09  4.71706162e-01 -4.96661444e-01  1.07100000e+09  4.60831699e-03  5.33393450e-04  1.07100000e+09  4.60831699e-03  5.33393450e-04 
 1.07200000e+09  4.70311443e-01 -4.96541018e-01  1.07200000e+09  4.98675426e-03  5.58961122e-04  1.07200000e+09  4.98675426e-03  5.58961122e-04 
 1.07300000e+09  4.68942087e-01 -4.96420036e-01  1.07300000e+09  5.36181820e-03  5.79842758e-04  1.07300000e+09  5.36181820e-03  5.79842758e-04 
 1.07400000e+09  4.67596722e-01 -4.96298494e-01  1.07400000e+09  5.73298800e-03  5.96321022e-04  1.07400000e+09  5.73298800e-03  5.96321022e-04 
 1.07500000e+09  4.66274127e-01 -4.96176378e-01  1.07500000e+09  6.09986083e-03  6.08672753e-04  1.07500000e+09  6.09986083e-03  6.08672753e-04 
 1.07600000e+09  4.64973206e-01 -4.96053670e-01  1.07600000e+09  6.46212865e-03  6.17164096e-04  1.07600000e+09  6.46212865e-03  6.17164096e-04 
 1.07700000e+09  4.63692973e-01 -4.95930349e-01  1.07700000e+09  6.81955984e-03  6.22047803e-04  1.07700000e+09  6.81955984e-03  6.22047803e-04 
 1.07800000e+09  4.62432530e-01 -4.95806399e-01  1.07800000e+09  7.17198450e-03  6.23561940e-04  1.07800000e+09  7.17198450e-03  6.23561940e-04 
 1.07900000e+09  4.61191057e-01 -4.95681803e-01  1.07900000e+09  7.51928273e-03  6.21929502e-04  1.07900000e+09  7.51928273e-03  6.21929502e-04 
 1.08000000e+09  4.59967801e-01 -4.95556551e-01  1.08000000e+09  7.86137519e-03  6.17358585e-04  1.08000000e+09  7.86137519e-03  6.17358585e-04 
 1.08100000e+09  4.58762067e-01 -4.95430634e-01  1.08100000e+09  8.19821546e-03  6.10042905e-04  1.08100000e+09  8.19821546e-03  6.10042905e-04 
 1.08200000e+09  4.57573210e-01 -4.95304046e-01  1.08200000e+09  8.52978392e-03  6.00162514e-04  1.08200000e+09  8.52978392e-03  6.00162514e-04 
 1.08300000e+09  4.56400632e-01 -4.95176786e-01  1.08300000e+09  8.85608265e-03  5.87884620e-04  1.08300000e+09  8.85608265e-03  5.87884620e-04 
 1.08400000e+09  4.55243771e-01 -4.95048855e-01  1.08400000e+09  9.17713143e-03  5.73364442e-04  1.08400000e+09  9.17713143e-03  5.73364442e-04 
 1.08500000e+09  4.54102102e-01 -4.94920258e-01  1.08500000e+09  9.49296429e-03  5.56746069e-04  1.08500000e+09  9.49296429e-03  5.56746069e-04 
 1.08600000e+09  4.52975132e-01 -4.94790999e-01  1.08600000e+09  9.80362681e-03  5.38163286e-04  1.08600000e+09  9.80362681e-03  5.38163286e-04 
 1.08700000e+09  4.51862395e-01 -4.94661089e-01  1.08700000e+09  1.01091739e-02  5.17740371e-04  1.08700000e+09  1.01091739e-02  5.17740371e-04 
 1.08800000e+09  4.50763452e-01 -4.94530536e-01  1.08800000e+09  1.04096676e-02  4.95592835e-04  1.08800000e+09  1.04096676e-02  4.95592835e-04 
 1.08900000e+09  4.49677885e-01 -4.94399351e-01  1.08900000e+09  1.07051763e-02  4.71828114e-04  1.08900000e+09  1.07051763e-02  4.71828114e-04 
 1.09000000e+09  4.48605301e-01 -4.94267549e-01  1.09000000e+09  1.09957724e-02  4.46546208e-04  1.09000000e+09  1.09957724e-02  4.46546208e-04 
 1.09100000e+09  4.47545322e-01 -4.94135142e-01  1.09100000e+09  1.12815321e-02  4.19840276e-04  1.09100000e+09  1.12815321e-02  4.19840276e-04 
 1.09200000e+09  4.46497593e-01 -4.94002144e-01  1.09200000e+09  1.15625340e-02  3.91797172e-04  1.09200000e+09  1.15625340e-02  3.91797172e-04 
 1.09300000e+09  4.45461770e-01 -4.93868572e-01  1.09300000e+09  1.18388589e-02  3.62497943e-04  1.09300000e+09  1.18388589e-02  3.62497943e-04 
 1.09400000e+09  4.44437529e-01 -4.93734439e-01  1.09400000e+09  1.21105884e-02  3.32018283e-04  1.09400000e+09  1.21105884e-02  3.32018283e-04 
 1.09500000e+09  4.43424559e-01 -4.93599762e-01  1.09500000e+09  1.23778052e-02  3.00428946e-04  1.09500000e+09  1.23778052e-02  3.00428946e-04 
 1.09600000e+09  4.42422560e-01 -4.93464556e-01  1.09600000e+09  1.26405922e-02  2.67796130e-04  1.09600000e+09  1.26405922e-02  2.67796130e-04 
 1.09700000e+09  4.41431247e-01 -4.93328838e-01  1.09700000e+09  1.28990320e-02  2.34181816e-04  1.09700000e+09  1.28990320e-02  2.34181816e-04 
 1.09800000e+09  4.40450345e-01 -4.93192623e-01  1.09800000e+09  1.31532073e-02  1.99644091e-04  1.09800000e+09  1.31532073e-02  1.99644091e-04 
 1.09900000e+09  4.39479593e-01 -4.93055928e-01  1.09900000e+09  1.34031999e-02  1.64237433e-04  1.09900000e+09  1.34031999e-02  1.64237433e-04 
 1.10000000e+09  4.38518735e-01 -4.92918767e-01  1.10000000e+09  1.36490911e-02  1.28012978e-04  1.10000000e+09  1.36490911e-02  1.28012978e-04 
