 9.00000000e+08  5.06911209e-01 -4.93421198e-01  9.00000000e+08  2.75001326e-02  3.33969726e-03  9.00000000e+08  2.75001326e-02  3.33969726e-03 
 9.01000000e+08  5.06228896e-01 -4.93415391e-01  9.01000000e+08  2.75743806e-02  3.30173390e-03  9.01000000e+08  2.75743806e-02  3.30173390e-03 
 9.02000000e+08  5.05544829e-01 -4.93408305e-01  9.02000000e+08  2.76497042e-02  3.26348595e-03  9.02000000e+08  2.76497042e-02  3.26348595e-03 
 9.03000000e+08  5.04858948e-01 -4.93399922e-01  9.03000000e+08  2.77261332e-02  3.22494459e-03  9.03000000e+08  2.77261332e-02  3.22494459e-03 
 9.04000000e+08  5.04171192e-01 -4.93390224e-01  9.04000000e+08  2.78036980e-02  3.18610064e-03  9.04000000e+08  2.78036980e-02  3.18610064e-03 
 9.05000000e+08  5.03481498e-01 -4.93379193e-01  9.05000000e+08  2.78824304e-02  3.14694454e-03  9.05000000e+08  2.78824304e-02  3.14694454e-03 
 9.06000000e+08  5.02789800e-01 -4.93366808e-01  9.06000000e+08  2.79623632e-02  3.10746633e-03  9.06000000e+08  2.79623632e-02  3.10746633e-03 
 9.07000000e+08  5.02096031e-01 -4.93353050e-01  9.07000000e+08  2.80435302e-02  3.06765563e-03  9.07000000e+08  2.80435302e-02  3.06765563e-03 
 9.08000000e+08  5.01400120e-01 -4.93337895e-01  9.08000000e+08  2.81259666e-02  3.02750164e-03  9.08000000e+08  2.81259666e-02  3.02750164e-03 
 9.09000000e+08  5.00701993e-01 -4.93321322e-01  9.09000000e+08  2.82097089e-02  2.98699308e-03  9.09000000e+08  2.82097089e-02  2.98699308e-03 
 9.10000000e+08  5.00001577e-01 -4.93303308e-01  9.10000000e+08  2.82947949e-02  2.94611818e-03  9.10000000e+08  2.82947949e-02  2.94611818e-03 
 9.11000000e+08  4.99298791e-01 -4.93283827e-01  9.11000000e+08  2.83812635e-02  2.90486468e-03  9.11000000e+08  2.83812635e-02  2.90486468e-03 
 9.12000000e+08  4.98593555e-01 -4.93262854e-01  9.12000000e+08  2.84691555e-02  2.86321977e-03  9.12000000e+08  2.84691555e-02  2.86321977e-03 
 9.13000000e+08  4.97885785e-01 -4.93240362e-01  9.13000000e+08  2.85585130e-02  2.82117006e-03  9.13000000e+08  2.85585130e-02  2.82117006e-03 
 9.14000000e+08  4.97175393e-01 -4.93216322e-01  9.14000000e+08  2.86493796e-02  2.77870158e-03  9.14000000e+08  2.86493796e-02  2.77870158e-03 
 9.15000000e+08  4.96462288e-01 -4.93190706e-01  9.15000000e+08  2.87418007e-02  2.73579973e-03  9.15000000e+08  2.87418007e-02  2.73579973e-03 
 9.16000000e+08  4.95746375e-01 -4.93163481e-01  9.16000000e+08  2.88358235e-02  2.69244924e-03  9.16000000e+08  2.88358235e-02  2.69244924e-03 
 9.17000000e+08  4.95027557e-01 -4.93134617e-01  9.17000000e+08  2.89314969e-02  2.64863413e-03  9.17000000e+08  2.89314969e-02  2.64863413e-03 
 9.18000000e+08  4.94305731e-01 -4.93104078e-01  9.18000000e+08  2.90288717e-02  2.60433769e-03  9.18000000e+08  2.90288717e-02  2.60433769e-03 
 9.19000000e+08  4.93580791e-01 -4.93071830e-01  9.19000000e+08  2.91280009e-02  2.55954242e-03  9.19000000e+08  2.91280009e-02  2.55954242e-03 
 9.20000000e+08  4.92852628e-01 -4.93037835e-01  9.20000000e+08  2.92289395e-02  2.51423000e-03  9.20000000e+08  2.92289395e-02  2.51423000e-03 
 9.21000000e+08  4.92121126e-01 -4.93002054e-01  9.21000000e+08  2.93317448e-02  2.46838123e-03  9.21000000e+08  2.93317448e-02  2.46838123e-03 
 9.22000000e+08  4.91386166e-01 -4.92964446e-01  9.22000000e+08  2.94364763e-02  2.42197597e-03  9.22000000e+08  2.94364763e-02  2.42197597e-03 
 9.23000000e+08  4.90647623e-01 -4.92924968e-01  9.23000000e+08  2.95431960e-02  2.37499310e-03  9.23000000e+08  2.95431960e-02  2.37499310e-03 
 9.24000000e+08  4.89905368e-01 -4.92883574e-01  9.24000000e+08  2.96519687e-02  2.32741048e-03  9.24000000e+08  2.96519687e-02  2.32741048e-03 
 9.25000000e+08  4.89159266e-01 -4.92840218e-01  9.25000000e+08  2.97628616e-02  2.27920482e-03  9.25000000e+08  2.97628616e-02  2.27920482e-03 
 9.26000000e+08  4.88409175e-01 -4.92794849e-01  9.26000000e+08  2.98759451e-02  2.23035171e-03  9.26000000e+08  2.98759451e-02  2.23035171e-03 
 9.27000000e+08  4.87654950e-01 -4.92747414e-01  9.27000000e+08  2.99912923e-02  2.18082546e-03  9.27000000e+08  2.99912923e-02  2.18082546e-03 
 9.28000000e+08  4.86896435e-01 -4.92697859e-01  9.28000000e+08  3.01089798e-02  2.13059905e-03  9.28000000e+08  3.01089798e-02  2.13059905e-03 
 9.29000000e+08  4.86133472e-01 -4.92646125e-01  9.29000000e+08  3.02290874e-02  2.07964407e-03  9.29000000e+08  3.02290874e-02  2.07964407e-03 
 9.30000000e+08  4.85365892e-01 -4.92592151e-01  9.30000000e+08  3.03516984e-02  2.02793061e-03  9.30000000e+08  3.03516984e-02  2.02793061e-03 
 9.31000000e+08  4.84593522e-01 -4.92535872e-01  9.31000000e+08  3.04769001e-02  1.97542716e-03  9.31000000e+08  3.04769001e-02  1.97542716e-03 
 9.32000000e+08  4.83816178e-01 -4.92477220e-01  9.32000000e+08  3.06047834e-02  1.92210049e-03  9.32000000e+08  3.06047834e-02  1.92210049e-03 
 9.33000000e+08  4.83033670e-01 -4.92416124e-01  9.33000000e+08  3.07354437e-02  1.86791559e-03  9.33000000e+08  3.07354437e-02  1.86791559e-03 
 9.34000000e+08  4.82245796e-01 -4.92352507e-01  9.34000000e+08  3.08689808e-02  1.81283550e-03  9.34000000e+08  3.08689808e-02  1.81283550e-03 
 9.35000000e+08  4.81452348e-01 -4.92286289e-01  9.35000000e+08  3.10054990e-02  1.75682116e-03  9.35000000e+08  3.10054990e-02  1.75682116e-03 
 9.36000000e+08  4.80653105e-01 -4.92217387e-01  9.36000000e+08  3.11451078e-02  1.69983135e-03  9.36000000e+08  3.11451078e-02  1.69983135e-03 
 9.37000000e+08  4.79847839e-01 -4.92145709e-01  9.37000000e+08  3.12879219e-02  1.64182246e-03  9.37000000e+08  3.12879219e-02  1.64182246e-03 
 9.38000000e+08  4.79036307e-01 -4.92071162e-01  9.38000000e+08  3.14340616e-02  1.58274833e-03  9.38000000e+08  3.14340616e-02  1.58274833e-03 
 9.39000000e+08  4.78218256e-01 -4.91993646e-01  9.39000000e+08  3.15836531e-02  1.52256011e-03  9.39000000e+08  3.15836531e-02  1.52256011e-03 
 9.40000000e+08  4.77393420e-01 -4.91913053e-01  9.40000000e+08  3.17368290e-02  1.46120603e-03  9.40000000e+08  3.17368290e-02  1.46120603e-03 
 9.41000000e+08  4.76561520e-01 -4.91829272e-01  9.41000000e+08  3.18937285e-02  1.39863120e-03  9.41000000e+08  3.18937285e-02  1.39863120e-03 
 9.42000000e+08  4.75722262e-01 -4.91742182e-01  9.42000000e+08  3.20544981e-02  1.33477734e-03  9.42000000e+08  3.20544981e-02  1.33477734e-03 
 9.43000000e+08  4.74875337e-01 -4.91651658e-01  9.43000000e+08  3.22192917e-02  1.26958260e-03  9.43000000e+08  3.22192917e-02  1.26958260e-03 
 9.44000000e+08  4.74020420e-01 -4.91557563e-01  9.44000000e+08  3.23882716e-02  1.20298121e-03  9.44000000e+08  3.23882716e-02  1.20298121e-03 
 9.45000000e+08  4.73157168e-01 -4.91459754e-01  9.45000000e+08  3.25616084e-02  1.13490321e-03  9.45000000e+08  3.25616084e-02  1.13490321e-03 
 9.46000000e+08  4.72285220e-01 -4.91358079e-01  9.46000000e+08  3.27394821e-02  1.06527413e-03  9.46000000e+08  3.27394821e-02  1.06527413e-03 
 9.47000000e+08  4.71404196e-01 -4.91252375e-01  9.47000000e+08  3.29220826e-02  9.94014600e-04  9.47000000e+08  3.29220826e-02  9.94014600e-04 
 9.48000000e+08  4.70513692e-01 -4.91142469e-01  9.48000000e+08  3.31096102e-02  9.21039976e-04  9.48000000e+08  3.31096102e-02  9.21039976e-04 
 9.49000000e+08  4.69613286e-01 -4.91028174e-01  9.49000000e+08  3.33022766e-02  8.46259898e-04  9.49000000e+08  3.33022766e-02  8.46259898e-04 
 9.50000000e+08  4.68702528e-01 -4.90909294e-01  9.50000000e+08  3.35003054e-02  7.69577810e-04  9.50000000e+08  3.35003054e-02  7.69577810e-04 
 9.51000000e+08  4.67780944e-01 -4.90785617e-01  9.51000000e+08  3.37039333e-02  6.90890440e-04  9.51000000e+08  3.37039333e-02  6.90890440e-04 
 9.52000000e+08  4.66848031e-01 -4.90656916e-01  9.52000000e+08  3.39134107e-02  6.10087219e-04  9.52000000e+08  3.39134107e-02  6.10087219e-04 
 9.53000000e+08  4.65903257e-01 -4.90522949e-01  9.53000000e+08  3.41290030e-02  5.27049643e-04  9.53000000e+08  3.41290030e-02  5.27049643e-04 
 9.54000000e+08  4.64946058e-01 -4.90383456e-01  9.54000000e+08  3.43509917e-02  4.41650569e-04  9.54000000e+08  3.43509917e-02  4.41650569e-04 
 9.55000000e+08  4.63975835e-01 -4.90238157e-01  9.55000000e+08  3.45796754e-02  3.53753436e-04  9.55000000e+08  3.45796754e-02  3.53753436e-04 
 9.56000000e+08  4.62991951e-01 -4.90086754e-01  9.56000000e+08  3.48153712e-02  2.63211402e-04  9.56000000e+08  3.48153712e-02  2.63211402e-04 
 9.57000000e+08  4.61993731e-01 -4.89928921e-01  9.57000000e+08  3.50584165e-02  1.69866382e-04  9.57000000e+08  3.50584165e-02  1.69866382e-04 
 9.58000000e+08  4.60980455e-01 -4.89764313e-01  9.58000000e+08  3.53091700e-02  7.35479877e-05  9.58000000e+08  3.53091700e-02  7.35479877e-05 
 9.59000000e+08  4.59951357e-01 -4.89592552e-01  9.59000000e+08  3.55680140e-02 -2.59276634e-05  9.59000000e+08  3.55680140e-02 -2.59276634e-05 
 9.60000000e+08  4.58905620e-01 -4.89413235e-01  9.60000000e+08  3.58353558e-02 -1.28759268e-04  9.60000000e+08  3.58353558e-02 -1.28759268e-04 
 9.61000000e+08  4.57842373e-01 -4.89225922e-01  9.61000000e+08  3.61116305e-02 -2.35161816e-04  9.61000000e+08  3.61116305e-02 -2.35161816e-04 
 9.62000000e+08  4.56760684e-01 -4.89030140e-01  9.62000000e+08  3.63973023e-02 -3.45368246e-04  9.62000000e+08  3.63973023e-02 -3.45368246e-04 
 9.63000000e+08  4.55659557e-01 -4.88825372e-01  9.63000000e+08  3.66928683e-02 -4.59631304e-04  9.63000000e+08  3.66928683e-02 -4.59631304e-04 
 9.64000000e+08  4.54537927e-01 -4.88611060e-01  9.64000000e+08  3.69988602e-02 -5.78225626e-04  9.64000000e+08  3.69988602e-02 -5.78225626e-04 
 9.65000000e+08  4.53394652e-01 -4.88386596e-01  9.65000000e+08  3.73158480e-02 -7.01450090e-04  9.65000000e+08  3.73158480e-02 -7.01450090e-04 
 9.66000000e+08  4.52228504e-01 -4.88151318e-01  9.66000000e+08  3.76444434e-02 -8.29630470e-04  9.66000000e+08  3.76444434e-02 -8.29630470e-04 
 9.67000000e+08  4.51038169e-01 -4.87904502e-01  9.67000000e+08  3.79853036e-02 -9.63122431e-04  9.67000000e+08  3.79853036e-02 -9.63122431e-04 
 9.68000000e+08  4.49822228e-01 -4.87645359e-01  9.68000000e+08  3.83391354e-02 -1.10231494e-03  9.68000000e+08  3.83391354e-02 -1.10231494e-03 
 9.69000000e+08  4.48579158e-01 -4.87373023e-01  9.69000000e+08  3.87067001e-02 -1.24763411e-03  9.69000000e+08  3.87067001e-02 -1.24763411e-03 
 9.70000000e+08  4.47307313e-01 -4.87086545e-01  9.70000000e+08  3.90888186e-02 -1.39954762e-03  9.70000000e+08  3.90888186e-02 -1.39954762e-03 
 9.71000000e+08  4.46004918e-01 -4.86784883e-01  9.71000000e+08  3.94863777e-02 -1.55856976e-03  9.71000000e+08  3.94863777e-02 -1.55856976e-03 
 9.72000000e+08  4.44670051e-01 -4.86466888e-01  9.72000000e+08  3.99003359e-02 -1.72526715e-03  9.72000000e+08  3.99003359e-02 -1.72526715e-03 
 9.73000000e+08  4.43300632e-01 -4.86131293e-01  9.73000000e+08  4.03317318e-02 -1.90026535e-03  9.73000000e+08  4.03317318e-02 -1.90026535e-03 
 9.74000000e+08  4.41894407e-01 -4.85776697e-01  9.74000000e+08  4.07816914e-02 -2.08425651e-03  9.74000000e+08  4.07816914e-02 -2.08425651e-03 
 9.75000000e+08  4.40448926e-01 -4.85401546e-01  9.75000000e+08  4.12514382e-02 -2.27800815e-03  9.75000000e+08  4.12514382e-02 -2.27800815e-03 
 9.76000000e+08  4.38961522e-01 -4.85004116e-01  9.76000000e+08  4.17423030e-02 -2.48237332e-03  9.76000000e+08  4.17423030e-02 -2.48237332e-03 
 9.77000000e+08  4.37429291e-01 -4.84582485e-01  9.77000000e+08  4.22557365e-02 -2.69830244e-03  9.77000000e+08  4.22557365e-02 -2.69830244e-03 
 9.78000000e+08  4.35849062e-01 -4.84134510e-01  9.78000000e+08  4.27933221e-02 -2.92685713e-03  9.78000000e+08  4.27933221e-02 -2.92685713e-03 
 9.79000000e+08  4.34217369e-01 -4.83657788e-01  9.79000000e+08  4.33567915e-02 -3.16922633e-03  9.79000000e+08  4.33567915e-02 -3.16922633e-03 
 9.80000000e+08  4.32530413e-01 -4.83149627e-01  9.80000000e+08  4.39480417e-02 -3.42674527e-03  9.80000000e+08  4.39480417e-02 -3.42674527e-03 
 9.81000000e+08  4.30784026e-01 -4.82606991e-01  9.81000000e+08  4.45691548e-02 -3.70091785e-03  9.81000000e+08  4.45691548e-02 -3.70091785e-03 
 9.82000000e+08  4.28973623e-01 -4.82026457e-01  9.82000000e+08  4.52224208e-02 -3.99344309e-03  9.82000000e+08  4.52224208e-02 -3.99344309e-03 
 9.83000000e+08  4.27094155e-01 -4.81404145e-01  9.83000000e+08  4.59103627e-02 -4.30624658e-03  9.83000000e+08  4.59103627e-02 -4.30624658e-03 
 9.84000000e+08  4.25140046e-01 -4.80735643e-01  9.84000000e+08  4.66357661e-02 -4.64151800e-03  9.84000000e+08  4.66357661e-02 -4.64151800e-03 
 9.85000000e+08  4.23105126e-01 -4.80015923e-01  9.85000000e+08  4.74017132e-02 -5.00175621e-03  9.85000000e+08  4.74017132e-02 -5.00175621e-03 
 9.86000000e+08  4.20982556e-01 -4.79239223e-01  9.86000000e+08  4.82116210e-02 -5.38982343e-03  9.86000000e+08  4.82116210e-02 -5.38982343e-03 
 9.87000000e+08  4.18764739e-01 -4.78398926e-01  9.87000000e+08  4.90692866e-02 -5.80901095e-03  9.87000000e+08  4.90692866e-02 -5.80901095e-03 
 9.88000000e+08  4.16443213e-01 -4.77487389e-01  9.88000000e+08  4.99789379e-02 -6.26311907e-03  9.88000000e+08  4.99789379e-02 -6.26311907e-03 
 9.89000000e+08  4.14008535e-01 -4.76495758e-01  9.89000000e+08  5.09452931e-02 -6.75655500e-03  9.89000000e+08  5.09452931e-02 -6.75655500e-03 
 9.90000000e+08  4.11450149e-01 -4.75413716e-01  9.90000000e+08  5.19736292e-02 -7.29445330e-03  9.90000000e+08  5.19736292e-02 -7.29445330e-03 
 9.91000000e+08  4.08756219e-01 -4.74229194e-01  9.91000000e+08  5.30698599e-02 -7.88282513e-03  9.91000000e+08  5.30698599e-02 -7.88282513e-03 
 9.92000000e+08  4.05913460e-01 -4.72927991e-01  9.92000000e+08  5.42406266e-02 -8.52874428e-03  9.92000000e+08  5.42406266e-02 -8.52874428e-03 
 9.93000000e+08  4.02906920e-01 -4.71493313e-01  9.93000000e+08  5.54934014e-02 -9.24058060e-03  9.93000000e+08  5.54934014e-02 -9.24058060e-03 
 9.94000000e+08  3.99719753e-01 -4.69905178e-01  9.94000000e+08  5.68366048e-02 -1.00282950e-02  9.94000000e+08  5.68366048e-02 -1.00282950e-02 
 9.95000000e+08  3.96332953e-01 -4.68139666e-01  9.95000000e+08  5.82797377e-02 -1.09038151e-02  9.95000000e+08  5.82797377e-02 -1.09038151e-02 
 9.96000000e+08  3.92725058e-01 -4.66167956e-01  9.96000000e+08  5.98335278e-02 -1.18815170e-02  9.96000000e+08  5.98335278e-02 -1.18815170e-02 
 9.97000000e+08  3.88871842e-01 -4.63955078e-01  9.97000000e+08  6.15100863e-02 -1.29788487e-02  9.97000000e+08  6.15100863e-02 -1.29788487e-02 
 9.98000000e+08  3.84745986e-01 -4.61458285e-01  9.98000000e+08  6.33230693e-02 -1.42171432e-02  9.98000000e+08  6.33230693e-02 -1.42171432e-02 
 9.99000000e+08  3.80316788e-01 -4.58624916e-01  9.99000000e+08  6.52878262e-02 -1.56226874e-02  9.99000000e+08  6.52878262e-02 -1.56226874e-02 
 1.00000000e+09  3.75549937e-01 -4.55389557e-01  1.00000000e+09  6.74215096e-02 -1.72281425e-02  1.00000000e+09  6.74215096e-02 -1.72281425e-02 
 1.00100000e+09  3.70407486e-01 -4.51670234e-01  1.00100000e+09  6.97430914e-02 -1.90744441e-02  1.00100000e+09  6.97430914e-02 -1.90744441e-02 
 1.00200000e+09  3.64848191e-01 -4.47363279e-01  1.00200000e+09  7.22731919e-02 -2.12133712e-02  1.00200000e+09  7.22731919e-02 -2.12133712e-02 
 1.00300000e+09  3.58828570e-01 -4.42336335e-01  1.00300000e+09  7.50335509e-02 -2.37110430e-02  1.00300000e+09  7.50335509e-02 -2.37110430e-02 
 1.00400000e+09  3.52305284e-01 -4.36418758e-01  1.00400000e+09  7.80458367e-02 -2.66527163e-02  1.00400000e+09  7.80458367e-02 -2.66527163e-02 
 1.00500000e+09  3.45239939e-01 -4.29388397e-01  1.00500000e+09  8.13292464e-02 -3.01493962e-02  1.00500000e+09  8.13292464e-02 -3.01493962e-02 
 1.00600000e+09  3.37608274e-01 -4.20953359e-01  1.00600000e+09  8.48959114e-02 -3.43469520e-02  1.00600000e+09  8.48959114e-02 -3.43469520e-02 
 1.00700000e+09  3.29417309e-01 -4.10727042e-01  1.00700000e+09  8.87423220e-02 -3.94386011e-02  1.00700000e+09  8.87423220e-02 -3.94386011e-02 
 1.00800000e+09  3.20736978e-01 -3.98194670e-01  1.00800000e+09  9.28335151e-02 -4.56816388e-02  1.00800000e+09  9.28335151e-02 -4.56816388e-02 
 1.00900000e+09  3.11758023e-01 -3.82670749e-01  1.00900000e+09  9.70741226e-02 -5.34187115e-02  1.00900000e+09  9.70741226e-02 -5.34187115e-02 
 1.01000000e+09  3.02897244e-01 -3.63251685e-01  1.01000000e+09  1.01255751e-01 -6.31015053e-02  1.01000000e+09  1.01255751e-01 -6.31015053e-02 
 1.01100000e+09  2.94985818e-01 -3.38782720e-01  1.01100000e+09  1.04962818e-01 -7.53072765e-02  1.01100000e+09  1.04962818e-01 -7.53072765e-02 
 1.01200000e+09  2.89593897e-01 -3.07898524e-01  1.01200000e+09  1.07410260e-01 -9.07185560e-02  1.01200000e+09  1.07410260e-01 -9.07185560e-02 
 1.01300000e+09  2.89541594e-01 -2.69292559e-01  1.01300000e+09  1.07188033e-01 -1.09988464e-01  1.01300000e+09  1.07188033e-01 -1.09988464e-01 
 1.01400000e+09  2.99529296e-01 -2.22554777e-01  1.01400000e+09  1.01945960e-01 -1.33321858e-01  1.01400000e+09  1.01945960e-01 -1.33321858e-01 
 1.01500000e+09  3.26337835e-01 -1.70095228e-01  1.01500000e+09  8.82936488e-02 -1.59513532e-01  1.01500000e+09  8.82936488e-02 -1.59513532e-01 
 1.01600000e+09  3.76942869e-01 -1.20149909e-01  1.01600000e+09  6.27432966e-02 -1.84445282e-01  1.01600000e+09  6.27432966e-02 -1.84445282e-01 
 1.01700000e+09  4.52402087e-01 -8.80682174e-02  1.01700000e+09  2.47660947e-02 -2.00442181e-01  1.01700000e+09  2.47660947e-02 -2.00442181e-01 
 1.01800000e+09  5.40396407e-01 -8.95625769e-02  1.01800000e+09 -1.94783724e-02 -1.99647764e-01  1.01800000e+09 -1.94783724e-02 -1.99647764e-01 
 1.01900000e+09  6.18396405e-01 -1.26974072e-01  1.01900000e+09 -5.87253375e-02 -1.80891201e-01  1.01900000e+09 -5.87253375e-02 -1.80891201e-01 
 1.02000000e+09  6.69832427e-01 -1.85874478e-01  1.02000000e+09 -8.46899055e-02 -1.51386283e-01  1.02000000e+09 -8.46899055e-02 -1.51386283e-01 
 1.02100000e+09  6.93365167e-01 -2.47990087e-01  1.02100000e+09 -9.67023371e-02 -1.20269500e-01  1.02100000e+09 -9.67023371e-02 -1.20269500e-01 
 1.02200000e+09  6.96918300e-01 -3.02330730e-01  1.02200000e+09 -9.87243638e-02 -9.30355250e-02  1.02200000e+09 -9.87243638e-02 -9.30355250e-02 
 1.02300000e+09  6.89194755e-01 -3.45684005e-01  1.02300000e+09 -9.51073156e-02 -7.12900908e-02  1.02300000e+09 -9.51073156e-02 -7.12900908e-02 
 1.02400000e+09  6.76265086e-01 -3.78866260e-01  1.02400000e+09 -8.88863028e-02 -5.46244908e-02  1.02400000e+09 -8.88863028e-02 -5.46244908e-02 
 1.02500000e+09  6.61596200e-01 -4.03903179e-01  1.02500000e+09 -8.17945678e-02 -4.20252732e-02  1.02500000e+09 -8.17945678e-02 -4.20252732e-02 
 1.02600000e+09  6.46945235e-01 -4.22790157e-01  1.02600000e+09 -7.47104137e-02 -3.24940408e-02  1.02600000e+09 -7.47104137e-02 -3.24940408e-02 
 1.02700000e+09  6.33110266e-01 -4.37133441e-01  1.02700000e+09 -6.80325422e-02 -2.52268649e-02  1.02700000e+09 -6.80325422e-02 -2.52268649e-02 
 1.02800000e+09  6.20392893e-01 -4.48132436e-01  1.02800000e+09 -6.19113251e-02 -1.96231113e-02  1.02800000e+09 -6.19113251e-02 -1.96231113e-02 
 1.02900000e+09  6.08851938e-01 -4.56657261e-01  1.02900000e+09 -5.63756272e-02 -1.52466431e-02  1.02900000e+09 -5.63756272e-02 -1.52466431e-02 
 1.03000000e+09  5.98435241e-01 -4.63334068e-01  1.03000000e+09 -5.13986654e-02 -1.17831297e-02  1.03000000e+09 -5.13986654e-02 -1.17831297e-02 
 1.03100000e+09  5.89045951e-01 -4.68614368e-01  1.03100000e+09 -4.69311050e-02 -9.00535367e-03  1.03100000e+09 -4.69311050e-02 -9.00535367e-03 
 1.03200000e+09  5.80574885e-01 -4.72826025e-01  1.03200000e+09 -4.29171712e-02 -6.74767598e-03  1.03200000e+09 -4.29171712e-02 -6.74767598e-03 
 1.03300000e+09  5.72915631e-01 -4.76209319e-01  1.03300000e+09 -3.93021037e-02 -4.88796038e-03  1.03300000e+09 -3.93021037e-02 -4.88796038e-03 
 1.03400000e+09  5.65970999e-01 -4.78942098e-01  1.03400000e+09 -3.60352529e-02 -3.33495220e-03  1.03400000e+09 -3.60352529e-02 -3.33495220e-03 
 1.03500000e+09  5.59655245e-01 -4.81157273e-01  1.03500000e+09 -3.30710071e-02 -2.01948091e-03  1.03500000e+09 -3.30710071e-02 -2.01948091e-03 
 1.03600000e+09  5.53894324e-01 -4.82955058e-01  1.03600000e+09 -3.03686567e-02 -8.88303850e-04  1.03600000e+09 -3.03686567e-02 -8.88303850e-04 
 1.03700000e+09  5.48625320e-01 -4.84411599e-01  1.03700000e+09 -2.78917402e-02  1.00222251e-04  1.03700000e+09 -2.78917402e-02  1.00222251e-04 
 1.03800000e+09  5.43795661e-01 -4.85585159e-01  1.03800000e+09 -2.56071212e-02  9.79180305e-04  1.03800000e+09 -2.56071212e-02  9.79180305e-04 
 1.03900000e+09  5.39362428e-01 -4.86520658e-01  1.03900000e+09 -2.34838901e-02  1.77517620e-03  1.03900000e+09 -2.34838901e-02  1.77517620e-03 
 1.04000000e+09  5.35291946e-01 -4.87253198e-01  1.04000000e+09 -2.14920959e-02  2.50963244e-03  1.04000000e+09 -2.14920959e-02  2.50963244e-03 
 1.04100000e+09  5.31559749e-01 -4.87811086e-01  1.04100000e+09 -1.96012766e-02  3.19929160e-03  1.04100000e+09 -1.96012766e-02  3.19929160e-03 
 1.04200000e+09  5.28150961e-01 -4.88218949e-01  1.04200000e+09 -1.77787822e-02  3.85572344e-03  1.04200000e+09 -1.77787822e-02  3.85572344e-03 
 1.04300000e+09  5.25060910e-01 -4.88501671e-01  1.04300000e+09 -1.59880476e-02  4.48334419e-03  1.04300000e+09 -1.59880476e-02  4.48334419e-03 
 1.04400000e+09  5.22295299e-01 -4.88690190e-01  1.04400000e+09 -1.41874792e-02  5.07510521e-03  1.04400000e+09 -1.41874792e-02  5.07510521e-03 
 1.04500000e+09  5.19868018e-01 -4.88830269e-01  1.04500000e+09 -1.23318533e-02  5.60484770e-03  1.04500000e+09 -1.23318533e-02  5.60484770e-03 
 1.04600000e+09  5.17792257e-01 -4.88994263e-01  1.04600000e+09 -1.03805352e-02  6.01640849e-03  1.04600000e+09 -1.03805352e-02  6.01640849e-03 
 1.04700000e+09  5.16057877e-01 -4.89290811e-01  1.04700000e+09 -8.31954741e-03  6.21459339e-03  1.04700000e+09 -8.31954741e-03  6.21459339e-03 
 1.04800000e+09  5.14591367e-01 -4.89855499e-01  1.04800000e+09 -6.20114407e-03  6.07504823e-03  1.04800000e+09 -6.20114407e-03  6.07504823e-03 
 1.04900000e+09  5.13218808e-01 -4.90795656e-01  1.04900000e+09 -4.18044490e-03  5.49987196e-03  1.04900000e+09 -4.18044490e-03  5.49987196e-03 
 1.05000000e+09  5.11692626e-01 -4.92094076e-01  1.05000000e+09 -2.48835229e-03  4.51422594e-03  1.05000000e+09 -2.48835229e-03  4.51422594e-03 
 1.05100000e+09  5.09817931e-01 -4.93563641e-01  1.05100000e+09 -1.30492390e-03  3.31196683e-03  1.05100000e+09 -1.30492390e-03  3.31196683e-03 
 1.05200000e+09  5.07574759e-01 -4.94944421e-01  1.05200000e+09 -6.36892848e-04  2.15876183e-03  1.05200000e+09 -6.36892848e-04  2.15876183e-03 
 1.05300000e+09  5.05097249e-01 -4.96056753e-01  1.05300000e+09 -3.38284668e-04  1.23917748e-03  1.05300000e+09 -3.38284668e-04  1.23917748e-03 
 1.05400000e+09  5.02555147e-01 -4.96855246e-01  1.05400000e+09 -2.28737400e-04  6.02810750e-04  1.05400000e+09 -2.28737400e-04  6.02810750e-04 
 1.05500000e+09  5.00070818e-01 -4.97382100e-01  1.05500000e+09 -1.76336441e-04  2.11083298e-04  1.05500000e+09 -1.76336441e-04  2.11083298e-04 
 1.05600000e+09  4.97705894e-01 -4.97706222e-01  1.05600000e+09 -1.10846748e-04 -1.78166887e-06  1.05600000e+09 -1.10846748e-04 -1.78166887e-06 
 1.05700000e+09  4.95479935e-01 -4.97890190e-01  1.05700000e+09 -4.92852470e-06 -9.56494580e-05  1.05700000e+09 -4.92852470e-06 -9.56494580e-05 
 1.05800000e+09  4.93390608e-01 -4.97980839e-01  1.05800000e+09  1.46126378e-04 -1.14996207e-04  1.05800000e+09  1.46126378e-04 -1.14996207e-04 
 1.05900000e+09  4.91426564e-01 -4.98010330e-01  1.05900000e+09  3.37362725e-04 -8.99244549e-05  1.05900000e+09  3.37362725e-04 -8.99244549e-05 
 1.06000000e+09  4.89574027e-01 -4.97999893e-01  1.06000000e+09  5.60820123e-04 -3.98648537e-05  1.06000000e+09  5.60820123e-04 -3.98648537e-05 
 1.06100000e+09  4.87819673e-01 -4.97963323e-01  1.06100000e+09  8.08474909e-04  2.29670549e-05  1.06100000e+09  8.08474909e-04  2.29670549e-05 
 1.06200000e+09  4.86151664e-01 -4.97909549e-01  1.06200000e+09  1.07332764e-03  9.10283680e-05  1.06200000e+09  1.07332764e-03  9.10283680e-05 
 1.06300000e+09  4.84559851e-01 -4.97844372e-01  1.06300000e+09  1.34965979e-03  1.59742693e-04  1.06300000e+09  1.34965979e-03  1.59742693e-04 
 1.06400000e+09  4.83035663e-01 -4.97771583e-01  1.06400000e+09  1.63295846e-03  2.26400343e-04  1.06400000e+09  1.63295846e-03  2.26400343e-04 
 1.06500000e+09  4.81571882e-01 -4.97693678e-01  1.06500000e+09  1.91973376e-03  2.89461331e-04  1.06500000e+09  1.91973376e-03  2.89461331e-04 
 1.06600000e+09  4.80162417e-01 -4.97612316e-01  1.06600000e+09  2.20732280e-03  3.48116083e-04  1.06600000e+09  2.20732280e-03  3.48116083e-04 
 1.06700000e+09  4.78802098e-01 -4.97528607e-01  1.06700000e+09  2.49371480e-03  4.02008565e-04  1.06700000e+09  2.49371480e-03  4.02008565e-04 
 1.06800000e+09  4.77486510e-01 -4.97443303e-01  1.06800000e+09  2.77740655e-03  4.51061371e-04  1.06800000e+09  2.77740655e-03  4.51061371e-04 
 1.06900000e+09  4.76211846e-01 -4.97356912e-01  1.06900000e+09  3.05728712e-03  4.95364893e-04  1.06900000e+09  3.05728712e-03  4.95364893e-04 
 1.07000000e+09  4.74974808e-01 -4.97269784e-01  1.07000000e+09  3.33254782e-03  5.35107000e-04  1.07000000e+09  3.33254782e-03  5.35107000e-04 
 1.07100000e+09  4.73772508e-01 -4.97182159e-01  1.07100000e+09  3.60261246e-03  5.70528440e-04  1.07100000e+09  3.60261246e-03  5.70528440e-04 
 1.07200000e+09  4.72602405e-01 -4.97094201e-01  1.07200000e+09  3.86708354e-03  6.01894678e-04  1.07200000e+09  3.86708354e-03  6.01894678e-04 
 1.07300000e+09  4.71462248e-01 -4.97006027e-01  1.07300000e+09  4.12570086e-03  6.29478296e-04  1.07300000e+09  4.12570086e-03  6.29478296e-04 
 1.07400000e+09  4.70350028e-01 -4.96917715e-01  1.07400000e+09  4.37830957e-03  6.53548195e-04  1.07400000e+09  4.37830957e-03  6.53548195e-04 
 1.07500000e+09  4.69263945e-01 -4.96829321e-01  1.07500000e+09  4.62483549e-03  6.74363195e-04  1.07500000e+09  4.62483549e-03  6.74363195e-04 
 1.07600000e+09  4.68202377e-01 -4.96740883e-01  1.07600000e+09  4.86526608e-03  6.92168456e-04  1.07600000e+09  4.86526608e-03  6.92168456e-04 
 1.07700000e+09  4.67163853e-01 -4.96652427e-01  1.07700000e+09  5.09963565e-03  7.07193731e-04  1.07700000e+09  5.09963565e-03  7.07193731e-04 
 1.07800000e+09  4.66147038e-01 -4.96563972e-01  1.07800000e+09  5.32801381e-03  7.19652764e-04  1.07800000e+09  5.32801381e-03  7.19652764e-04 
 1.07900000e+09  4.65150713e-01 -4.96475529e-01  1.07900000e+09  5.55049656e-03  7.29743407e-04  1.07900000e+09  5.55049656e-03  7.29743407e-04 
 1.08000000e+09  4.64173760e-01 -4.96387105e-01  1.08000000e+09  5.76719928e-03  7.37648175e-04  1.08000000e+09  5.76719928e-03  7.37648175e-04 
 1.08100000e+09  4.63215154e-01 -4.96298707e-01  1.08100000e+09  5.97825127e-03  7.43535052e-04  1.08100000e+09  5.97825127e-03  7.43535052e-04 
 1.08200000e+09  4.62273949e-01 -4.96210336e-01  1.08200000e+09  6.18379151e-03  7.47558413e-04  1.08200000e+09  6.18379151e-03  7.47558413e-04 
 1.08300000e+09  4.61349271e-01 -4.96121993e-01  1.08300000e+09  6.38396531e-03  7.49860008e-04  1.08300000e+09  6.38396531e-03  7.49860008e-04 
 1.08400000e+09  4.60440311e-01 -4.96033678e-01  1.08400000e+09  6.57892172e-03  7.50569937e-04  1.08400000e+09  6.57892172e-03  7.50569937e-04 
 1.08500000e+09  4.59546317e-01 -4.95945391e-01  1.08500000e+09  6.76881150e-03  7.49807594e-04  1.08500000e+09  6.76881150e-03  7.49807594e-04 
 1.08600000e+09  4.58666590e-01 -4.95857130e-01  1.08600000e+09  6.95378558e-03  7.47682574e-04  1.08600000e+09  6.95378558e-03  7.47682574e-04 
 1.08700000e+09  4.57800478e-01 -4.95768892e-01  1.08700000e+09  7.13399384e-03  7.44295502e-04  1.08700000e+09  7.13399384e-03  7.44295502e-04 
 1.08800000e+09  4.56947373e-01 -4.95680676e-01  1.08800000e+09  7.30958416e-03  7.39738823e-04  1.08800000e+09  7.30958416e-03  7.39738823e-04 
 1.08900000e+09  4.56106706e-01 -4.95592479e-01  1.08900000e+09  7.48070181e-03  7.34097511e-04  1.08900000e+09  7.48070181e-03  7.34097511e-04 
 1.09000000e+09  4.55277943e-01 -4.95504299e-01  1.09000000e+09  7.64748883e-03  7.27449733e-04  1.09000000e+09  7.64748883e-03  7.27449733e-04 
 1.09100000e+09  4.54460584e-01 -4.95416132e-01  1.09100000e+09  7.81008374e-03  7.19867442e-04  1.09100000e+09  7.81008374e-03  7.19867442e-04 
 1.09200000e+09  4.53654159e-01 -4.95327976e-01  1.09200000e+09  7.96862124e-03  7.11416926e-04  1.09200000e+09  7.96862124e-03  7.11416926e-04 
 1.09300000e+09  4.52858226e-01 -4.95239828e-01  1.09300000e+09  8.12323206e-03  7.02159302e-04  1.09300000e+09  8.12323206e-03  7.02159302e-04 
 1.09400000e+09  4.52072367e-01 -4.95151685e-01  1.09400000e+09  8.27404283e-03  6.92150971e-04  1.09400000e+09  8.27404283e-03  6.92150971e-04 
 1.09500000e+09  4.51296191e-01 -4.95063543e-01  1.09500000e+09  8.42117606e-03  6.81444018e-04  1.09500000e+09  8.42117606e-03  6.81444018e-04 
 1.09600000e+09  4.50529325e-01 -4.94975399e-01  1.09600000e+09  8.56475013e-03  6.70086590e-04  1.09600000e+09  8.56475013e-03  6.70086590e-04 
 1.09700000e+09  4.49771421e-01 -4.94887251e-01  1.09700000e+09  8.70487934e-03  6.58123229e-04  1.09700000e+09  8.70487934e-03  6.58123229e-04 
 1.09800000e+09  4.49022146e-01 -4.94799094e-01  1.09800000e+09  8.84167394e-03  6.45595174e-04  1.09800000e+09  8.84167394e-03  6.45595174e-04 
 1.09900000e+09  4.48281186e-01 -4.94710927e-01  1.09900000e+09  8.97524021e-03  6.32540643e-04  1.09900000e+09  8.97524021e-03  6.32540643e-04 
 1.10000000e+09  4.47548244e-01 -4.94622745e-01  1.10000000e+09  9.10568057e-03  6.18995078e-04  1.10000000e+09  9.10568057e-03  6.18995078e-04 
